Vertice	Clustering
567	11,0000
689	8,0000
415	5,3333
758	5,0000
846	5,0000
736	5,0000
788	3,0000
923	3,0000
721	3,0000
991	2,3333
620	2,0000
634	2,0000
836	2,0000
705	2,0000
852	2,0000
945	2,0000
791	2,0000
817	2,0000
365	2,0000
716	2,0000
978	2,0000
276	2,0000
669	1,5000
912	1,3333
789	1,3333
219	1,0000
821	1,0000
673	1,0000
763	1,0000
990	1,0000
463	1,0000
737	1,0000
741	1,0000
825	1,0000
632	1,0000
743	0,8333
694	0,8333
672	0,6667
539	0,6667
919	0,6000
623	0,6000
733	0,5758
109	0,5000
706	0,5000
886	0,4889
833	0,4286
947	0,4000
745	0,4000
456	0,3333
609	0,3333
643	0,3333
877	0,3333
555	0,3333
760	0,3333
558	0,3333
514	0,3333
939	0,3333
906	0,3333
955	0,3333
534	0,3333
958	0,3333
878	0,3333
855	0,3333
751	0,3333
970	0,3000
753	0,2909
914	0,2794
369	0,2667
175	0,2500
723	0,2500
921	0,2500
613	0,2500
700	0,2333
950	0,2222
616	0,2000
596	0,2000
797	0,2000
600	0,2000
488	0,2000
585	0,1905
841	0,1786
647	0,1786
587	0,1786
663	0,1786
800	0,1667
887	0,1667
392	0,1667
696	0,1667
645	0,1667
517	0,1667
664	0,1667
885	0,1667
618	0,1667
717	0,1667
869	0,1667
980	0,1556
582	0,1538
467	0,1503
535	0,1429
224	0,1389
1001	0,1389
267	0,1333
104	0,1333
1000	0,1333
907	0,1333
802	0,1333
540	0,1333
949	0,1299
510	0,1282
953	0,1282
500	0,1282
471	0,1273
431	0,1273
719	0,1212
523	0,1154
679	0,1111
144	0,1111
816	0,1111
414	0,1091
112	0,1071
565	0,1071
714	0,1071
352	0,1053
813	0,1051
542	0,1046
577	0,1026
71	0,0989
602	0,0956
598	0,0952
530	0,0952
649	0,0952
589	0,0952
536	0,0909
710	0,0909
840	0,0909
297	0,0897
331	0,0895
220	0,0889
435	0,0879
374	0,0784
651	0,0769
621	0,0769
851	0,0762
803	0,0762
551	0,0750
579	0,0750
52	0,0725
642	0,0714
410	0,0714
556	0,0714
43	0,0714
428	0,0672
248	0,0667
924	0,0667
979	0,0667
313	0,0667
806	0,0667
913	0,0659
516	0,0659
22	0,0659
406	0,0654
490	0,0652
299	0,0643
597	0,0606
70	0,0606
667	0,0606
302	0,0588
388	0,0588
217	0,0585
570	0,0583
519	0,0583
826	0,0579
334	0,0571
76	0,0571
9	0,0568
957	0,0556
554	0,0556
720	0,0553
324	0,0545
678	0,0545
562	0,0541
502	0,0523
350	0,0523
294	0,0523
822	0,0515
360	0,0515
77	0,0515
401	0,0500
933	0,0500
777	0,0500
544	0,0500
39	0,0500
529	0,0484
956	0,0476
279	0,0476
246	0,0476
619	0,0476
686	0,0476
786	0,0476
652	0,0476
952	0,0476
312	0,0474
563	0,0474
292	0,0471
927	0,0455
49	0,0444
442	0,0444
247	0,0444
681	0,0441
484	0,0441
332	0,0435
322	0,0435
508	0,0435
190	0,0431
171	0,0423
235	0,0421
421	0,0417
470	0,0409
413	0,0400
707	0,0399
195	0,0398
847	0,0392
349	0,0392
192	0,0392
347	0,0385
601	0,0385
307	0,0368
547	0,0368
225	0,0368
525	0,0368
156	0,0368
391	0,0364
528	0,0364
497	0,0364
511	0,0364
354	0,0357
274	0,0357
559	0,0357
399	0,0357
608	0,0356
666	0,0351
754	0,0351
462	0,0351
665	0,0346
828	0,0346
545	0,0330
588	0,0330
291	0,0326
448	0,0317
262	0,0316
860	0,0316
335	0,0316
56	0,0305
200	0,0303
708	0,0303
521	0,0303
611	0,0294
491	0,0292
922	0,0292
756	0,0290
385	0,0286
747	0,0286
572	0,0286
640	0,0278
161	0,0277
441	0,0276
266	0,0271
244	0,0263
25	0,0261
53	0,0258
699	0,0256
117	0,0256
381	0,0256
229	0,0256
515	0,0256
627	0,0256
430	0,0254
308	0,0254
149	0,0246
917	0,0246
275	0,0242
359	0,0242
592	0,0237
674	0,0234
981	0,0233
139	0,0230
865	0,0222
98	0,0221
541	0,0221
207	0,0220
662	0,0220
931	0,0220
900	0,0220
550	0,0220
407	0,0220
298	0,0220
492	0,0217
461	0,0217
526	0,0212
19	0,0212
8	0,0212
485	0,0211
259	0,0200
26	0,0198
32	0,0198
908	0,0198
317	0,0196
387	0,0195
557	0,0190
590	0,0190
343	0,0190
102	0,0190
845	0,0185
883	0,0182
213	0,0182
543	0,0181
37	0,0181
936	0,0181
230	0,0175
99	0,0175
776	0,0175
33	0,0175
122	0,0173
394	0,0172
395	0,0171
610	0,0167
126	0,0167
638	0,0158
832	0,0158
607	0,0158
186	0,0158
445	0,0158
469	0,0152
50	0,0152
527	0,0152
159	0,0152
929	0,0152
140	0,0151
178	0,0148
148	0,0147
287	0,0147
240	0,0147
892	0,0147
197	0,0145
101	0,0143
296	0,0143
425	0,0141
518	0,0141
357	0,0141
481	0,0141
24	0,0135
15	0,0135
464	0,0134
506	0,0133
856	0,0130
185	0,0130
46	0,0128
115	0,0127
466	0,0127
91	0,0123
453	0,0123
489	0,0121
16	0,0120
918	0,0119
150	0,0119
138	0,0115
154	0,0111
809	0,0111
465	0,0110
257	0,0110
120	0,0110
205	0,0110
346	0,0109
125	0,0109
176	0,0108
327	0,0106
418	0,0105
345	0,0105
88	0,0105
459	0,0105
685	0,0101
124	0,0101
478	0,0101
288	0,0101
234	0,0100
73	0,0099
457	0,0095
328	0,0095
460	0,0095
925	0,0095
134	0,0095
321	0,0094
748	0,0092
356	0,0092
569	0,0089
254	0,0088
336	0,0087
264	0,0084
277	0,0083
344	0,0083
810	0,0083
726	0,0083
641	0,0083
223	0,0083
92	0,0081
338	0,0080
214	0,0079
290	0,0079
135	0,0079
191	0,0078
531	0,0076
103	0,0076
363	0,0074
293	0,0074
250	0,0072
97	0,0072
193	0,0072
368	0,0071
320	0,0070
389	0,0069
337	0,0069
329	0,0068
379	0,0068
179	0,0067
593	0,0067
695	0,0067
260	0,0065
75	0,0065
815	0,0065
455	0,0065
35	0,0063
367	0,0063
581	0,0062
206	0,0061
342	0,0061
437	0,0060
245	0,0060
353	0,0060
93	0,0060
446	0,0058
422	0,0057
564	0,0057
221	0,0055
480	0,0053
196	0,0053
182	0,0053
204	0,0053
823	0,0053
362	0,0051
27	0,0051
42	0,0050
118	0,0049
548	0,0049
233	0,0049
212	0,0048
255	0,0048
153	0,0048
3	0,0045
351	0,0044
520	0,0044
168	0,0044
304	0,0043
151	0,0043
189	0,0043
132	0,0042
107	0,0042
458	0,0040
380	0,0040
372	0,0040
568	0,0040
310	0,0040
340	0,0039
251	0,0038
408	0,0038
226	0,0037
222	0,0037
316	0,0036
173	0,0036
170	0,0036
54	0,0035
243	0,0035
166	0,0035
303	0,0035
105	0,0034
187	0,0034
198	0,0034
286	0,0034
976	0,0033
273	0,0033
859	0,0033
121	0,0032
661	0,0032
55	0,0032
473	0,0032
390	0,0032
498	0,0032
282	0,0031
447	0,0031
738	0,0031
237	0,0031
552	0,0031
444	0,0031
34	0,0031
108	0,0030
318	0,0029
146	0,0028
285	0,0028
63	0,0028
87	0,0027
820	0,0027
85	0,0026
896	0,0026
482	0,0026
278	0,0026
284	0,0026
142	0,0025
131	0,0024
164	0,0024
560	0,0024
271	0,0023
18	0,0023
268	0,0023
429	0,0023
4	0,0023
83	0,0023
438	0,0023
256	0,0023
31	0,0022
177	0,0021
549	0,0021
157	0,0021
417	0,0020
323	0,0020
361	0,0020
2	0,0020
128	0,0020
440	0,0020
424	0,0019
504	0,0019
41	0,0019
427	0,0019
141	0,0018
94	0,0018
10	0,0018
358	0,0018
69	0,0017
79	0,0017
513	0,0017
295	0,0017
180	0,0017
615	0,0016
366	0,0016
265	0,0016
48	0,0016
434	0,0016
160	0,0015
60	0,0015
23	0,0015
419	0,0015
167	0,0014
211	0,0014
100	0,0014
305	0,0014
373	0,0013
238	0,0013
280	0,0013
450	0,0013
377	0,0013
95	0,0013
963	0,0013
38	0,0012
113	0,0012
162	0,0012
215	0,0011
355	0,0011
376	0,0011
183	0,0010
199	0,0010
147	0,0010
443	0,0010
165	0,0010
474	0,0010
58	0,0009
495	0,0009
7	0,0009
409	0,0009
493	0,0009
84	0,0008
12	0,0008
201	0,0008
258	0,0008
426	0,0008
40	0,0007
20	0,0007
218	0,0007
812	0,0007
28	0,0007
64	0,0006
30	0,0006
80	0,0006
231	0,0006
44	0,0006
174	0,0006
283	0,0006
932	0,0005
155	0,0005
269	0,0005
133	0,0005
137	0,0005
411	0,0004
116	0,0004
300	0,0004
13	0,0004
169	0,0004
393	0,0004
420	0,0004
546	0,0004
86	0,0003
62	0,0003
405	0,0003
232	0,0003
74	0,0003
65	0,0003
81	0,0003
21	0,0002
17	0,0002
96	0,0002
6	0,0002
129	0,0001
868	0,0000
767	0,0000
770	0,0000
693	0,0000
785	0,0000
873	0,0000
795	0,0000
584	0,0000
576	0,0000
796	0,0000
966	0,0000
769	0,0000
870	0,0000
884	0,0000
626	0,0000
962	0,0000
997	0,0000
916	0,0000
494	0,0000
702	0,0000
687	0,0000
972	0,0000
779	0,0000
676	0,0000
967	0,0000
965	0,0000
805	0,0000
968	0,0000
688	0,0000
807	0,0000
625	0,0000
977	0,0000
987	0,0000
998	0,0000
804	0,0000
301	0,0000
910	0,0000
668	0,0000
771	0,0000
971	0,0000
781	0,0000
578	0,0000
436	0,0000
928	0,0000
946	0,0000
975	0,0000
281	0,0000
729	0,0000
782	0,0000
780	0,0000
722	0,0000
656	0,0000
764	0,0000
774	0,0000
775	0,0000
881	0,0000
209	0,0000
792	0,0000
583	0,0000
874	0,0000
801	0,0000
903	0,0000
890	0,0000
709	0,0000
762	0,0000
899	0,0000
882	0,0000
871	0,0000
203	0,0000
876	0,0000
384	0,0000
787	0,0000
794	0,0000
983	0,0000
940	0,0000
439	0,0000
561	0,0000
289	0,0000
894	0,0000
850	0,0000
848	0,0000
574	0,0000
571	0,0000
575	0,0000
897	0,0000
904	0,0000
606	0,0000
893	0,0000
106	0,0000
680	0,0000
842	0,0000
834	0,0000
605	0,0000
604	0,0000
333	0,0000
867	0,0000
830	0,0000
252	0,0000
862	0,0000
854	0,0000
595	0,0000
603	0,0000
622	0,0000
819	0,0000
831	0,0000
827	0,0000
861	0,0000
853	0,0000
586	0,0000
78	0,0000
888	0,0000
5	0,0000
857	0,0000
114	0,0000
533	0,0000
864	0,0000
594	0,0000
911	0,0000
82	0,0000
1004	0,0000
994	0,0000
657	0,0000
382	0,0000
739	0,0000
724	0,0000
761	0,0000
984	0,0000
993	0,0000
449	0,0000
712	0,0000
677	0,0000
682	0,0000
1002	0,0000
915	0,0000
988	0,0000
315	0,0000
701	0,0000
961	0,0000
475	0,0000
948	0,0000
398	0,0000
752	0,0000
239	0,0000
472	0,0000
959	0,0000
964	0,0000
973	0,0000
960	0,0000
505	0,0000
718	0,0000
749	0,0000
386	0,0000
986	0,0000
249	0,0000
468	0,0000
985	0,0000
934	0,0000
241	0,0000
974	0,0000
989	0,0000
835	0,0000
364	0,0000
553	0,0000
735	0,0000
396	0,0000
416	0,0000
383	0,0000
630	0,0000
902	0,0000
573	0,0000
228	0,0000
951	0,0000
879	0,0000
119	0,0000
433	0,0000
629	0,0000
432	0,0000
522	0,0000
773	0,0000
319	0,0000
1003	0,0000
690	0,0000
943	0,0000
891	0,0000
996	0,0000
995	0,0000
659	0,0000
683	0,0000
397	0,0000
617	0,0000
123	0,0000
202	0,0000
646	0,0000
790	0,0000
704	0,0000
658	0,0000
483	0,0000
311	0,0000
580	0,0000
512	0,0000
479	0,0000
636	0,0000
759	0,0000
402	0,0000
532	0,0000
208	0,0000
711	0,0000
66	0,0000
697	0,0000
909	0,0000
631	0,0000
628	0,0000
920	0,0000
889	0,0000
713	0,0000
136	0,0000
524	0,0000
837	0,0000
614	0,0000
507	0,0000
778	0,0000
750	0,0000
992	0,0000
799	0,0000
866	0,0000
838	0,0000
655	0,0000
725	0,0000
935	0,0000
829	0,0000
644	0,0000
895	0,0000
348	0,0000
692	0,0000
863	0,0000
476	0,0000
766	0,0000
740	0,0000
793	0,0000
727	0,0000
875	0,0000
901	0,0000
954	0,0000
941	0,0000
999	0,0000
501	0,0000
982	0,0000
730	0,0000
227	0,0000
843	0,0000
755	0,0000
599	0,0000
858	0,0000
898	0,0000
969	0,0000
111	0,0000
937	0,0000
650	0,0000
624	0,0000
844	0,0000
742	0,0000
325	0,0000
942	0,0000
130	0,0000
839	0,0000
824	0,0000
635	0,0000
905	0,0000
236	0,0000
341	0,0000
194	0,0000
746	0,0000
496	0,0000
537	0,0000
768	0,0000
72	0,0000
51	0,0000
29	0,0000
487	0,0000
158	0,0000
306	0,0000
499	0,0000
698	0,0000
509	0,0000
163	0,0000
423	0,0000
47	0,0000
728	0,0000
591	0,0000
477	0,0000
263	0,0000
143	0,0000
272	0,0000
314	0,0000
184	0,0000
872	0,0000
14	0,0000
61	0,0000
486	0,0000
145	0,0000
404	0,0000
57	0,0000
172	0,0000
371	0,0000
412	0,0000
210	0,0000
11	0,0000
89	0,0000
744	0,0000
152	0,0000
309	0,0000
734	0,0000
849	0,0000
339	0,0000
808	0,0000
0	0,0000
375	0,0000
671	0,0000
181	0,0000
451	0,0000
59	0,0000
370	0,0000
772	0,0000
814	0,0000
648	0,0000
715	0,0000
242	0,0000
675	0,0000
188	0,0000
637	0,0000
1	0,0000
880	0,0000
36	0,0000
566	0,0000
811	0,0000
653	0,0000
660	0,0000
403	0,0000
938	0,0000
90	0,0000
639	0,0000
216	0,0000
503	0,0000
633	0,0000
691	0,0000
261	0,0000
127	0,0000
538	0,0000
703	0,0000
944	0,0000
926	0,0000
253	0,0000
654	0,0000
330	0,0000
452	0,0000
378	0,0000
930	0,0000
67	0,0000
110	0,0000
784	0,0000
45	0,0000
400	0,0000
757	0,0000
783	0,0000
612	0,0000
818	0,0000
765	0,0000
270	0,0000
684	0,0000
326	0,0000
731	0,0000
798	0,0000
68	0,0000
732	0,0000
454	0,0000
670	0,0000
