Vertice	Grau
160	334,00
82	227,00
121	222,00
107	204,00
86	202,00
62	190,00
13	172,00
249	160,00
183	159,00
434	157,00
5	156,00
211	145,00
129	136,00
377	131,00
84	130,00
21	129,00
114	127,00
87	125,00
333	125,00
166	125,00
533	123,00
820	120,00
142	120,00
83	119,00
105	119,00
283	118,00
282	117,00
58	115,00
63	114,00
424	113,00
252	113,00
64	113,00
115	112,00
405	110,00
128	110,00
6	109,00
212	108,00
96	107,00
420	106,00
17	106,00
169	105,00
106	102,00
165	101,00
411	95,00
280	95,00
494	95,00
971	94,00
133	93,00
419	91,00
473	91,00
4	89,00
81	89,00
932	88,00
301	87,00
303	87,00
65	84,00
2	84,00
498	84,00
409	84,00
254	83,00
44	83,00
74	82,00
170	82,00
209	79,00
438	79,00
232	79,00
366	79,00
28	78,00
295	78,00
329	77,00
404	77,00
546	76,00
285	76,00
549	76,00
93	76,00
393	75,00
41	74,00
172	74,00
14	73,00
215	73,00
11	72,00
113	72,00
340	72,00
300	70,00
157	70,00
180	70,00
116	69,00
493	69,00
450	68,00
7	67,00
495	67,00
137	67,00
173	67,00
42	67,00
141	67,00
342	66,00
859	66,00
290	66,00
474	65,00
367	65,00
167	65,00
371	64,00
440	64,00
269	64,00
412	64,00
210	64,00
23	64,00
155	63,00
61	63,00
168	61,00
145	61,00
184	61,00
57	60,00
69	60,00
174	59,00
271	59,00
486	59,00
231	58,00
80	58,00
132	58,00
19	58,00
375	58,00
281	57,00
30	57,00
3	56,00
263	56,00
856	56,00
191	56,00
417	55,00
812	55,00
206	55,00
20	54,00
305	54,00
218	54,00
233	54,00
181	54,00
89	53,00
321	53,00
455	53,00
40	53,00
60	52,00
408	52,00
426	52,00
256	52,00
379	52,00
258	51,00
560	51,00
506	51,00
201	51,00
48	51,00
615	50,00
131	50,00
12	50,00
187	49,00
339	49,00
362	49,00
46	49,00
51	48,00
358	48,00
351	48,00
338	48,00
152	48,00
520	48,00
54	48,00
427	47,00
223	47,00
314	47,00
16	47,00
226	47,00
222	47,00
153	46,00
255	46,00
318	46,00
29	46,00
443	45,00
147	45,00
213	45,00
526	45,00
27	45,00
199	45,00
685	45,00
466	44,00
59	44,00
363	44,00
430	44,00
177	44,00
390	44,00
182	44,00
376	44,00
35	44,00
355	43,00
221	43,00
31	43,00
234	43,00
537	43,00
809	43,00
459	42,00
162	42,00
163	42,00
243	42,00
18	42,00
320	42,00
56	41,00
143	41,00
309	41,00
164	41,00
0	41,00
499	41,00
401	41,00
38	41,00
357	40,00
509	40,00
482	40,00
278	40,00
963	40,00
481	40,00
518	40,00
68	40,00
306	40,00
158	40,00
95	40,00
284	40,00
238	39,00
373	39,00
179	39,00
92	39,00
458	39,00
45	38,00
100	38,00
189	38,00
452	38,00
272	38,00
422	38,00
353	37,00
387	37,00
245	37,00
47	37,00
15	37,00
24	37,00
108	37,00
460	36,00
448	36,00
265	36,00
55	36,00
661	36,00
423	36,00
154	36,00
214	36,00
264	35,00
198	35,00
124	35,00
79	35,00
286	35,00
478	35,00
513	35,00
464	35,00
236	35,00
253	35,00
747	35,00
480	34,00
194	34,00
10	34,00
368	34,00
569	34,00
188	34,00
370	34,00
94	34,00
9	33,00
564	33,00
504	33,00
195	33,00
251	33,00
531	33,00
103	33,00
159	33,00
425	32,00
288	32,00
483	32,00
37	32,00
380	32,00
361	32,00
543	32,00
437	32,00
359	32,00
489	32,00
323	32,00
275	32,00
592	31,00
53	31,00
140	31,00
400	31,00
176	31,00
261	31,00
151	31,00
356	30,00
337	30,00
441	30,00
139	30,00
389	30,00
138	30,00
525	30,00
268	30,00
429	30,00
394	29,00
91	29,00
123	29,00
178	29,00
397	29,00
266	29,00
118	29,00
73	29,00
548	29,00
196	28,00
896	28,00
8	28,00
85	28,00
327	28,00
171	28,00
845	28,00
229	27,00
612	27,00
381	27,00
515	27,00
562	27,00
395	27,00
146	27,00
529	27,00
444	26,00
447	26,00
66	26,00
190	26,00
453	26,00
34	26,00
581	26,00
698	26,00
237	26,00
748	26,00
738	26,00
552	26,00
149	26,00
161	26,00
917	26,00
593	25,00
273	25,00
976	25,00
259	25,00
981	25,00
413	25,00
695	25,00
126	25,00
316	24,00
322	24,00
707	24,00
291	24,00
490	24,00
461	24,00
216	24,00
292	24,00
936	24,00
52	24,00
97	24,00
193	24,00
813	24,00
756	24,00
308	24,00
346	24,00
250	24,00
125	24,00
197	24,00
492	24,00
372	23,00
655	23,00
720	23,00
150	23,00
638	23,00
428	23,00
242	23,00
135	23,00
918	23,00
32	23,00
26	23,00
832	23,00
860	23,00
908	23,00
608	23,00
310	23,00
311	23,00
326	23,00
332	23,00
262	23,00
607	23,00
568	23,00
508	23,00
828	22,00
949	22,00
336	22,00
90	22,00
122	22,00
185	22,00
200	22,00
665	22,00
304	22,00
296	21,00
589	21,00
134	21,00
880	21,00
101	21,00
102	21,00
457	21,00
445	20,00
418	20,00
307	20,00
127	20,00
312	20,00
823	20,00
547	20,00
563	20,00
204	20,00
225	20,00
186	20,00
244	20,00
235	20,00
88	20,00
36	20,00
485	20,00
345	20,00
826	20,00
331	20,00
335	20,00
217	19,00
33	19,00
754	19,00
99	19,00
446	19,00
776	19,00
922	19,00
491	19,00
299	19,00
352	19,00
462	19,00
230	19,00
470	19,00
433	19,00
666	19,00
674	19,00
496	18,00
467	18,00
502	18,00
815	18,00
690	18,00
847	18,00
542	18,00
374	18,00
350	18,00
349	18,00
25	18,00
406	18,00
388	18,00
75	18,00
260	18,00
192	18,00
317	18,00
302	18,00
294	18,00
611	17,00
360	17,00
602	17,00
822	17,00
148	17,00
484	17,00
136	17,00
98	17,00
293	17,00
914	17,00
541	17,00
287	17,00
77	17,00
892	17,00
573	17,00
156	17,00
681	17,00
240	17,00
241	17,00
933	16,00
579	16,00
570	16,00
519	16,00
248	16,00
421	16,00
39	16,00
610	16,00
104	16,00
551	16,00
641	16,00
544	16,00
777	16,00
726	16,00
344	16,00
277	16,00
700	16,00
810	16,00
590	15,00
925	15,00
76	15,00
328	15,00
557	15,00
334	15,00
343	15,00
572	15,00
385	15,00
851	15,00
246	15,00
803	15,00
207	14,00
205	14,00
325	14,00
120	14,00
900	14,00
566	14,00
71	14,00
298	14,00
913	14,00
545	14,00
435	14,00
550	14,00
465	14,00
588	14,00
931	14,00
257	14,00
582	14,00
516	14,00
407	14,00
621	14,00
662	14,00
22	14,00
699	13,00
730	13,00
599	13,00
651	13,00
601	13,00
297	13,00
117	13,00
644	13,00
577	13,00
627	13,00
930	13,00
500	13,00
953	13,00
510	13,00
347	13,00
487	13,00
523	13,00
719	12,00
70	12,00
527	12,00
451	12,00
733	12,00
667	12,00
521	12,00
597	12,00
929	12,00
708	12,00
50	12,00
469	12,00
927	12,00
926	12,00
710	12,00
497	11,00
431	11,00
391	11,00
883	11,00
753	11,00
840	11,00
511	11,00
671	11,00
528	11,00
414	11,00
471	11,00
324	11,00
536	11,00
678	11,00
907	10,00
768	10,00
247	10,00
538	10,00
442	10,00
267	10,00
765	10,00
980	10,00
488	10,00
816	10,00
886	10,00
49	10,00
220	10,00
144	10,00
865	10,00
1001	9,00
640	9,00
818	9,00
392	9,00
613	9,00
208	9,00
224	9,00
378	9,00
635	9,00
723	9,00
175	9,00
872	9,00
905	9,00
950	9,00
679	9,00
554	9,00
957	9,00
921	9,00
663	8,00
410	8,00
714	8,00
783	8,00
43	8,00
642	8,00
951	8,00
403	8,00
399	8,00
647	8,00
833	8,00
341	8,00
565	8,00
841	8,00
354	8,00
587	8,00
274	8,00
535	8,00
556	8,00
559	8,00
112	8,00
591	7,00
477	7,00
649	7,00
952	7,00
652	7,00
530	7,00
279	7,00
686	7,00
553	7,00
67	7,00
585	7,00
454	7,00
956	7,00
598	7,00
786	7,00
619	7,00
270	7,00
974	6,00
802	6,00
313	6,00
110	6,00
369	6,00
806	6,00
1000	6,00
330	6,00
924	6,00
979	6,00
654	6,00
596	6,00
72	6,00
540	6,00
947	6,00
616	5,00
811	5,00
909	5,00
937	5,00
512	5,00
797	5,00
600	5,00
745	5,00
919	5,00
970	5,00
623	5,00
694	4,00
706	4,00
696	4,00
912	4,00
800	4,00
885	4,00
869	4,00
766	4,00
109	4,00
717	4,00
814	4,00
728	4,00
743	4,00
887	4,00
664	4,00
507	4,00
618	4,00
517	4,00
672	4,00
645	4,00
669	4,00
503	4,00
415	3,00
727	3,00
522	3,00
789	3,00
643	3,00
725	3,00
991	3,00
855	3,00
877	3,00
760	3,00
939	3,00
751	3,00
878	3,00
514	3,00
609	3,00
978	3,00
742	3,00
741	3,00
829	3,00
955	3,00
456	3,00
895	3,00
898	3,00
539	3,00
558	3,00
555	3,00
958	3,00
906	3,00
632	3,00
817	3,00
889	3,00
793	3,00
954	3,00
534	3,00
799	3,00
791	2,00
821	2,00
620	2,00
837	2,00
836	2,00
758	2,00
763	2,00
788	2,00
825	2,00
773	2,00
846	2,00
463	2,00
969	2,00
778	2,00
634	2,00
614	2,00
476	2,00
945	2,00
852	2,00
935	2,00
705	2,00
891	2,00
713	2,00
734	2,00
348	2,00
737	2,00
736	2,00
923	2,00
673	2,00
716	2,00
715	2,00
721	2,00
989	2,00
990	2,00
992	2,00
689	2,00
697	2,00
364	2,00
692	2,00
219	2,00
365	2,00
567	2,00
276	2,00
901	1,00
890	1,00
119	1,00
111	1,00
835	1,00
624	1,00
824	1,00
617	1,00
532	1,00
524	1,00
319	1,00
902	1,00
903	1,00
479	1,00
942	1,00
941	1,00
875	1,00
879	1,00
943	1,00
858	1,00
863	1,00
383	1,00
938	1,00
501	1,00
866	1,00
884	1,00
402	1,00
839	1,00
920	1,00
838	1,00
580	1,00
849	1,00
944	1,00
396	1,00
843	1,00
844	1,00
628	1,00
432	1,00
996	1,00
732	1,00
653	1,00
650	1,00
977	1,00
660	1,00
648	1,00
646	1,00
999	1,00
228	1,00
772	1,00
735	1,00
711	1,00
658	1,00
755	1,00
731	1,00
670	1,00
227	1,00
659	1,00
675	1,00
982	1,00
1	1,00
995	1,00
757	1,00
759	1,00
750	1,00
744	1,00
633	1,00
1003	1,00
746	1,00
636	1,00
962	1,00
808	1,00
629	1,00
130	1,00
740	1,00
631	1,00
691	1,00
630	1,00
968	1,00
790	1,00
704	1,00
683	1,00
416	1,00
784	1,00
779	1,00
639	1,00
798	1,00
637	1,00
703	1,00
202	1,00
684	1,00
988	0,00
1002	0,00
449	0,00
315	0,00
1004	0,00
911	0,00
915	0,00
994	0,00
993	0,00
997	0,00
916	0,00
998	0,00
987	0,00
967	0,00
966	0,00
965	0,00
972	0,00
948	0,00
973	0,00
398	0,00
475	0,00
472	0,00
959	0,00
960	0,00
964	0,00
468	0,00
961	0,00
386	0,00
984	0,00
382	0,00
934	0,00
985	0,00
986	0,00
505	0,00
928	0,00
436	0,00
946	0,00
975	0,00
439	0,00
983	0,00
384	0,00
940	0,00
910	0,00
775	0,00
774	0,00
780	0,00
782	0,00
781	0,00
771	0,00
656	0,00
764	0,00
767	0,00
770	0,00
769	0,00
785	0,00
805	0,00
804	0,00
807	0,00
625	0,00
626	0,00
801	0,00
792	0,00
787	0,00
794	0,00
796	0,00
795	0,00
762	0,00
709	0,00
680	0,00
677	0,00
676	0,00
712	0,00
682	0,00
688	0,00
693	0,00
687	0,00
702	0,00
701	0,00
718	0,00
749	0,00
239	0,00
752	0,00
761	0,00
657	0,00
739	0,00
724	0,00
722	0,00
729	0,00
203	0,00
668	0,00
876	0,00
874	0,00
881	0,00
578	0,00
882	0,00
873	0,00
584	0,00
868	0,00
870	0,00
583	0,00
871	0,00
576	0,00
899	0,00
897	0,00
904	0,00
561	0,00
289	0,00
571	0,00
888	0,00
575	0,00
574	0,00
894	0,00
893	0,00
867	0,00
842	0,00
606	0,00
605	0,00
848	0,00
604	0,00
834	0,00
622	0,00
819	0,00
827	0,00
831	0,00
830	0,00
850	0,00
861	0,00
594	0,00
862	0,00
586	0,00
864	0,00
78	0,00
853	0,00
603	0,00
854	0,00
857	0,00
595	0,00
